0	143	1
1	119	1
2	130	1
3	56	1
3	106	1
3	119	1
3	124	1
3	130	1
4	56	1
4	106	1
4	119	1
4	124	1
4	130	1
5	32	1
6	32	1
7	119	1
8	6	1
8	130	1
8	134	1
9	6	1
10	119	1
11	119	1
12	119	1
13	119	1
14	32	1
15	32	1
16	32	1
17	32	1
18	32	1
19	119	1
20	59	1
21	2	1
21	106	1
22	142	1
22	143	1
23	65	1
24	119	1
25	119	1
26	119	1
27	124	1
28	113	1
29	106	1
30	124	1
31	101	1
32	101	1
33	59	1
33	106	1
34	59	1
34	106	1
35	106	1
36	106	1
37	106	1
38	106	1
39	106	1
40	2	1
40	106	1
41	106	1
42	106	1
43	106	1
44	106	1
45	119	1
45	124	1
46	119	1
46	124	1
47	106	1
48	140	1
48	145	1
49	8	1
49	66	1
50	119	1
51	119	1
52	106	1
52	119	1
53	119	1
54	119	1
55	119	1
56	119	1
57	119	1
58	119	1
59	119	1
60	119	1
61	130	1
62	130	1
63	26	1
63	28	1
64	119	1
65	26	1
65	28	1
66	26	1
66	28	1
67	106	1
68	106	1
69	106	1
70	119	1
71	113	1
72	65	1
73	59	1
74	140	1
74	145	1
75	119	1
76	59	1
77	140	1
77	145	1
77	142	1
77	143	1
78	106	1
79	119	1
80	119	1
81	119	1
82	119	1
83	119	1
84	119	1
85	56	1
85	57	1
85	58	1
85	59	1
85	106	1
85	119	1
85	124	1
86	119	1
87	56	1
87	57	1
87	58	1
87	59	1
87	106	1
87	119	1
87	124	1
88	56	1
88	57	1
88	58	1
88	59	1
88	106	1
88	119	1
88	124	1
89	56	1
89	57	1
89	58	1
89	59	1
89	106	1
89	119	1
89	124	1
90	119	1
91	20	1
92	142	1
92	143	1
93	65	1
94	119	1
95	106	1
96	130	1
96	134	1
97	119	1
98	119	1
99	106	1
100	119	1
101	119	1
101	124	1
102	119	1
102	124	1
103	113	1
104	113	1
105	65	1
106	119	1
107	119	1
108	106	1
109	119	1
110	65	1
111	119	1
112	119	1
113	119	1
114	119	1
115	9	1
115	115	1
116	66	1
117	119	1
118	18	1
118	32	1
119	119	1
120	119	1
121	20	1
121	119	1
121	124	1
122	106	1
123	119	1
124	119	1
125	106	1
126	106	1
127	65	1
128	116	1
129	119	1
130	59	1
131	59	1
132	119	1
133	119	1
134	106	1
135	32	1
136	59	1
137	106	1
138	65	1
139	119	1
140	106	1
141	140	1
141	141	1
141	142	1
141	145	1
142	65	1
143	140	1
143	145	1
144	119	1
145	145	1
146	119	1
147	26	1
147	28	1
148	32	1
149	143	1
150	32	1
151	106	1
152	106	1
153	9	1
153	115	1
154	106	1
155	106	1
156	32	1
157	32	1
158	106	1
159	106	1
160	32	1
161	59	1
162	106	1
163	106	1
164	106	1
165	106	1
166	59	1
167	106	1
168	106	1
169	116	1
170	106	1
171	106	1
172	106	1
173	106	1
174	106	1
175	106	1
176	106	1
177	106	1
178	100	1
179	32	1
180	78	1
181	106	1
182	102	1
182	51	1
183	32	1
184	73	1
184	139	1
185	70	1
186	38	1
187	106	1
188	117	1
189	32	1
190	32	1
190	106	1
190	102	1
191	130	1
192	32	1
193	45	1
194	32	1
195	32	1
196	124	1
197	18	1
197	59	1
197	98	1
197	32	1
198	119	1
199	80	1
200	59	1
200	90	1
200	103	1
200	104	1
201	59	1
202	106	1
203	94	1
204	20	1
205	42	1
205	20	1
205	87	1
206	32	1
207	131	1
207	106	1
207	20	1
207	87	1
207	119	1
208	78	1
209	15	1
210	106	1
211	130	1
212	20	1
212	106	1
212	113	1
212	145	1
213	59	1
213	143	1
214	59	1
215	106	1
215	119	1
215	143	1
216	106	1
216	119	1
216	143	1
217	32	1
218	78	1
218	77	1
219	99	1
220	32	1
221	124	1
222	32	1
223	53	1
223	59	1
223	82	1
223	106	1
224	131	1
225	106	1
225	59	1
225	91	1
225	26	1
225	28	1
225	119	1
226	42	1
226	87	1
227	20	1
227	40	1
228	85	1
228	130	1
229	42	1
230	32	1
231	29	1
232	106	1
232	26	1
232	28	1
232	119	1
233	106	1
234	94	1
235	142	1
235	143	1
236	95	1
236	87	1
237	32	1
238	32	1
239	106	1
240	101	1
241	119	1
241	59	1
242	59	1
243	65	1
243	132	1
244	32	1
245	45	1
246	32	1
247	59	1
248	5	1
248	16	1
248	67	1
248	96	1
248	106	1
248	110	1
248	116	1
249	59	1
250	78	1
251	32	1
252	119	1
253	106	1
254	29	1
255	106	1
255	119	1
255	128	1
256	119	1
256	56	1
256	106	1
256	128	1
256	32	1
256	34	1
256	36	1
257	78	1
258	113	1
259	32	1
260	116	1
261	32	1
262	65	1
263	32	1
264	32	1
265	32	1
266	106	1
266	56	1
266	119	1
266	124	1
266	130	1
267	9	1
267	115	1
267	66	1
268	107	1
268	9	1
268	115	1
268	66	1
269	138	1
270	119	1
270	59	1
270	106	1
271	106	1
272	78	1
273	119	1
274	32	1
275	94	1
276	32	1
277	32	1
278	59	1
278	106	1
278	119	1
279	27	1
279	59	1
279	84	1
279	106	1
279	119	1
279	124	1
280	130	1
281	6	1
281	130	1
281	134	1
282	130	1
283	39	1
283	106	1
283	113	1
283	119	1
283	59	1
283	130	1
284	32	1
285	26	1
285	28	1
285	106	1
285	50	1
286	50	1
287	106	1
287	124	1
287	10	1
288	119	1
289	106	1
290	59	1
291	42	1
291	131	1
291	87	1
292	131	1
293	87	1
293	119	1
294	42	1
294	131	1
294	59	1
295	22	1
296	42	1
297	59	1
297	119	1
298	42	1
298	131	1
299	106	1
299	59	1
300	65	1
300	20	1
300	87	1
300	82	1
300	102	1
300	119	1
300	130	1
301	42	1
301	59	1
302	59	1
302	119	1
302	87	1
303	59	1
304	59	1
304	106	1
305	22	1
306	20	1
306	131	1
306	2	1
306	87	1
307	131	1
308	42	1
308	87	1
309	59	1
309	131	1
309	87	1
309	119	1
310	119	1
310	59	1
310	106	1
311	59	1
312	132	1
313	59	1
313	106	1
313	131	1
313	128	1
313	90	1
313	103	1
313	104	1
313	29	1
314	26	1
314	28	1
315	59	1
315	119	1
316	59	1
316	119	1
316	132	1
317	131	1
318	42	1
318	87	1
319	131	1
319	20	1
320	19	1
321	59	1
322	32	1
323	119	1
323	124	1
324	59	1
324	119	1
324	14	1
325	59	1
325	31	1
325	20	1
326	130	1
326	32	1
327	119	1
327	130	1
328	32	1
329	59	1
329	106	1
329	119	1
330	106	1
331	59	1
332	130	1
332	106	1
332	128	1
333	32	1
334	76	1
335	140	1
335	145	1
335	26	1
335	28	1
335	142	1
335	143	1
336	106	1
336	32	1
337	106	1
338	65	1
339	20	1
339	106	1
339	65	1
339	59	1
339	128	1
339	90	1
339	103	1
339	104	1
339	119	1
339	94	1
340	59	1
341	32	1
341	106	1
342	44	1
343	119	1
344	118	1
344	91	1
345	119	1
346	119	1
347	118	1
347	101	1
348	32	1
349	64	1
350	59	1
351	32	1
351	130	1
352	106	1
352	59	1
352	130	1
353	42	1
353	106	1
353	131	1
353	132	1
353	59	1
353	87	1
354	32	1
355	59	1
356	94	1
357	59	1
358	32	1
359	27	1
359	59	1
359	84	1
359	106	1
359	119	1
359	124	1
360	59	1
360	48	1
360	106	1
360	119	1
360	140	1
361	59	1
362	106	1
363	106	1
364	106	1
364	26	1
364	28	1
364	59	1
364	143	1
364	144	1
364	145	1
364	130	1
364	102	1
364	116	1
364	8	1
364	40	1
364	52	1
364	54	1
364	83	1
364	109	1
364	112	1
364	32	1
365	82	1
365	106	1
366	119	1
366	131	1
366	42	1
367	106	1
368	106	1
369	59	1
369	91	1
370	106	1
371	119	1
372	72	1
373	59	1
374	119	1
374	124	1
375	57	1
376	130	1
377	92	1
378	119	1
379	77	1
380	119	1
381	119	1
382	119	1
383	119	1
384	119	1
385	119	1
386	101	1
387	106	1
388	78	1
389	106	1
390	59	1
391	12	1
392	65	1
393	119	1
394	119	1
395	32	1
396	106	1
396	6	1
396	130	1
396	134	1
397	6	1
397	130	1
397	134	1
398	119	1
399	119	1
400	106	1
401	131	1
401	87	1
402	29	1
403	78	1
404	49	1
405	119	1
405	124	1
406	50	1
407	50	1
408	106	1
409	32	1
410	106	1
410	6	1
410	130	1
410	134	1
411	119	1
412	6	1
412	130	1
412	134	1
413	106	1
414	78	1
415	106	1
415	59	1
415	119	1
416	59	1
416	106	1
417	105	1
418	119	1
419	119	1
420	119	1
421	130	1
422	32	1
423	78	1
424	119	1
424	59	1
425	119	1
425	124	1
426	130	1
426	106	1
426	128	1
427	78	1
428	20	1
429	65	1
430	106	1
431	50	1
432	50	1
433	32	1
434	32	1
434	50	1
435	119	1
435	124	1
435	26	1
435	28	1
435	32	1
435	50	1
435	130	1
435	8	1
435	40	1
435	52	1
435	54	1
435	83	1
435	109	1
435	112	1
435	116	1
435	131	1
436	59	1
436	119	1
437	59	1
437	106	1
438	59	1
438	65	1
439	130	1
440	59	1
440	101	1
441	106	1
442	106	1
442	26	1
442	28	1
442	59	1
443	106	1
444	26	1
444	28	1
445	20	1
446	94	1
447	116	1
448	119	1
449	106	1
449	56	1
449	119	1
449	124	1
449	130	1
450	119	1
451	106	1
451	119	1
451	59	1
452	31	1
453	32	1
453	37	1
453	119	1
453	26	1
453	28	1
453	33	1
453	38	1
453	124	1
454	59	1
454	132	1
455	119	1
456	82	1
457	106	1
457	119	1
457	59	1
458	32	1
459	59	1
460	65	1
461	42	1
462	42	1
463	32	1
464	32	1
465	32	1
466	78	1
467	59	1
468	59	1
469	106	1
469	128	1
470	119	1
471	106	1
472	106	1
472	113	1
472	124	1
473	130	1
473	106	1
474	106	1
475	59	1
475	114	1
475	136	1
475	119	1
476	59	1
476	106	1
477	50	1
477	119	1
477	59	1
477	130	1
478	59	1
479	50	1
480	50	1
481	73	1
482	132	1
483	65	1
484	60	1
484	23	1
485	59	1
485	20	1
486	20	1
487	31	1
488	6	1
488	130	1
488	134	1
489	143	1
490	128	1
491	59	1
492	32	1
493	32	1
494	32	1
495	26	1
495	106	1
495	119	1
495	120	1
495	121	1
495	122	1
495	123	1
495	124	1
496	106	1
497	59	1
497	143	1
498	119	1
499	59	1
499	143	1
499	146	1
499	119	1
500	131	1
501	32	1
502	56	1
502	106	1
502	119	1
502	124	1
502	130	1
503	32	1
503	34	1
503	35	1
503	37	1
503	38	1
504	32	1
504	34	1
505	32	1
506	119	1
507	106	1
508	130	1
509	106	1
510	73	1
511	2	1
511	26	1
511	59	1
511	82	1
511	106	1
511	113	1
511	119	1
512	32	1
513	59	1
513	119	1
513	20	1
514	59	1
515	78	1
515	77	1
516	106	1
517	59	1
517	26	1
517	28	1
517	106	1
517	97	1
517	4	1
517	140	1
517	141	1
518	106	1
519	106	1
519	141	1
520	141	1
521	106	1
521	142	1
522	106	1
523	106	1
523	119	1
524	119	1
525	59	1
526	106	1
527	32	1
528	32	1
529	59	1
530	119	1
531	65	1
532	94	1
533	32	1
534	32	1
535	119	1
536	143	1
537	32	1
538	32	1
539	65	1
540	59	1
540	143	1
540	119	1
541	59	1
542	130	1
543	32	1
544	106	1
544	119	1
544	143	1
545	106	1
546	130	1
547	32	1
548	59	1
549	106	1
550	119	1
551	32	1
552	14	1
552	32	1
552	62	1
553	78	1
553	71	1
554	108	1
555	119	1
555	122	1
555	125	1
555	126	1
555	127	1
556	20	1
556	59	1
557	26	1
557	28	1
558	130	1
558	134	1
559	6	1
559	130	1
559	134	1
560	65	1
560	128	1
561	106	1
562	18	1
562	59	1
562	98	1
562	129	1
562	130	1
562	133	1
562	32	1
563	18	1
563	59	1
563	98	1
563	2	1
563	32	1
564	119	1
565	106	1
566	130	1
567	106	1
568	124	1
568	61	1
568	119	1
568	29	1
568	106	1
568	10	1
568	2	1
568	30	1
568	32	1
569	65	1
570	78	1
570	77	1
571	32	1
572	105	1
573	119	1
574	20	1
574	106	1
574	113	1
574	119	1
574	145	1
575	119	1
576	59	1
577	59	1
578	106	1
578	119	1
579	142	1
580	45	1
580	56	1
580	86	1
580	119	1
581	130	1
581	106	1
582	106	1
583	99	1
584	106	1
585	8	1
585	106	1
586	133	1
587	106	1
587	59	1
588	106	1
589	106	1
590	119	1
591	32	1
592	59	1
593	56	1
593	106	1
593	119	1
593	124	1
593	130	1
594	106	1
595	29	1
596	131	1
596	119	1
597	42	1
597	69	1
597	41	1
597	100	1
598	42	1
598	59	1
598	131	1
599	106	1
600	32	1
601	32	1
602	59	1
602	119	1
602	101	1
603	2	1
604	32	1
605	65	1
605	128	1
605	91	1
605	32	1
606	20	1
607	20	1
608	119	1
609	119	1
610	106	1
610	59	1
610	82	1
610	102	1
610	103	1
610	116	1
610	142	1
611	106	1
612	119	1
613	26	1
613	28	1
614	106	1
615	106	1
616	106	1
617	106	1
618	56	1
618	106	1
618	119	1
618	124	1
618	130	1
619	100	1
620	106	1
621	116	1
622	116	1
623	43	1
623	93	1
623	101	1
623	119	1
623	133	1
624	31	1
625	131	1
626	59	1
626	143	1
626	106	1
627	59	1
627	143	1
627	146	1
628	106	1
629	106	1
630	77	1
631	59	1
631	143	1
632	59	1
632	143	1
632	146	1
633	59	1
634	32	1
635	106	1
636	59	1
637	78	1
638	119	1
639	106	1
640	106	1
641	45	1
641	137	1
642	47	1
643	59	1
644	59	1
645	119	1
646	59	1
646	143	1
647	106	1
647	128	1
648	128	1
649	119	1
649	124	1
650	20	1
650	59	1
650	106	1
650	2	1
650	82	1
650	119	1
650	130	1
651	119	1
652	106	1
653	32	1
654	119	1
655	56	1
655	106	1
655	119	1
655	124	1
655	130	1
656	116	1
657	56	1
657	106	1
657	119	1
657	124	1
657	130	1
658	65	1
658	128	1
659	119	1
659	93	1
660	106	1
661	119	1
662	80	1
663	131	1
663	42	1
663	119	1
664	100	1
665	32	1
666	106	1
666	119	1
667	59	1
667	101	1
668	59	1
668	106	1
669	59	1
669	106	1
670	106	1
671	26	1
671	28	1
672	106	1
673	106	1
674	136	1
675	1	1
675	68	1
675	89	1
676	59	1
676	106	1
677	119	1
677	65	1
678	106	1
679	73	1
680	32	1
680	106	1
680	119	1
681	32	1
681	106	1
681	119	1
682	32	1
682	106	1
682	119	1
683	32	1
683	106	1
683	119	1
684	32	1
684	106	1
684	119	1
685	32	1
685	106	1
685	119	1
686	18	1
686	20	1
686	0	1
686	1	1
686	106	1
687	87	1
688	106	1
688	119	1
689	143	1
690	32	1
691	45	1
692	59	1
692	82	1
692	102	1
692	103	1
692	116	1
693	32	1
694	116	1
695	59	1
695	88	1
695	42	1
695	119	1
696	32	1
697	59	1
697	119	1
698	119	1
699	59	1
700	119	1
701	106	1
702	106	1
703	131	1
703	87	1
703	106	1
704	106	1
705	42	1
706	42	1
707	106	1
708	130	1
708	57	1
708	59	1
708	101	1
708	106	1
708	119	1
709	32	1
710	2	1
710	32	1
710	119	1
711	128	1
712	32	1
713	119	1
714	106	1
715	119	1
715	124	1
716	130	1
717	32	1
718	56	1
718	106	1
718	119	1
718	124	1
718	130	1
719	106	1
720	130	1
721	106	1
722	94	1
723	99	1
724	140	1
724	141	1
724	142	1
724	145	1
725	32	1
726	59	1
726	143	1
726	106	1
727	119	1
728	119	1
729	99	1
730	130	1
731	116	1
732	59	1
732	118	1
733	119	1
734	78	1
735	130	1
736	119	1
737	26	1
737	28	1
737	106	1
737	59	1
737	119	1
738	130	1
738	106	1
738	128	1
739	101	1
740	80	1
740	46	1
740	79	1
741	59	1
742	59	1
743	124	1
743	59	1
743	119	1
744	94	1
745	78	1
746	80	1
747	78	1
747	77	1
748	119	1
748	124	1
749	106	1
749	8	1
750	59	1
751	59	1
752	128	1
753	31	1
754	59	1
754	143	1
754	106	1
755	130	1
755	134	1
756	6	1
756	130	1
757	6	1
757	130	1
757	134	1
758	32	1
758	51	1
758	56	1
758	82	1
758	106	1
759	119	1
759	124	1
760	78	1
760	77	1
761	6	1
761	130	1
762	59	1
763	130	1
764	32	1
765	130	1
765	134	1
766	106	1
766	128	1
767	56	1
768	119	1
769	106	1
770	27	1
770	59	1
770	84	1
770	106	1
770	119	1
770	124	1
771	119	1
772	119	1
773	72	1
774	59	1
775	131	1
776	59	1
776	143	1
777	106	1
777	119	1
777	128	1
777	30	1
778	130	1
778	134	1
779	106	1
780	108	1
780	31	1
781	108	1
782	7	1
782	13	1
782	59	1
782	135	1
783	21	1
783	24	1
784	142	1
785	6	1
785	130	1
785	134	1
786	106	1
787	130	1
788	94	1
789	78	1
790	142	1
791	59	1
792	59	1
792	119	1
792	106	1
793	119	1
794	59	1
794	63	1
794	87	1
795	31	1
796	119	1
797	32	1
798	59	1
798	25	1
799	59	1
800	99	1
801	99	1
802	99	1
803	59	1
804	59	1
805	59	1
806	59	1
807	99	1
808	59	1
809	59	1
810	99	1
811	59	1
812	59	1
813	106	1
814	143	1
815	102	1
815	106	1
815	59	1
816	6	1
816	130	1
816	134	1
817	114	1
817	59	1
818	72	1
819	32	1
820	106	1
821	78	1
822	32	1
823	18	1
823	59	1
823	98	1
823	111	1
824	32	1
825	106	1
826	106	1
826	119	1
827	59	1
828	32	1
829	32	1
830	59	1
830	130	1
831	119	1
832	59	1
832	119	1
833	119	1
834	55	1
835	32	1
836	78	1
836	77	1
837	59	1
838	32	1
839	94	1
839	59	1
839	106	1
839	26	1
839	28	1
839	119	1
839	128	1
840	32	1
841	32	1
841	33	1
841	34	1
841	36	1
841	106	1
841	119	1
841	124	1
842	32	1
843	142	1
843	143	1
844	142	1
844	143	1
845	119	1
846	106	1
847	130	1
847	17	1
847	59	1
847	69	1
847	94	1
847	119	1
848	128	1
849	143	1
850	65	1
851	32	1
851	34	1
851	130	1
852	32	1
853	32	1
854	59	1
855	59	1
855	82	1
855	102	1
855	103	1
855	116	1
856	106	1
857	59	1
857	73	1
858	59	1
858	106	1
858	143	1
858	119	1
859	32	1
860	11	1
860	119	1
860	56	1
860	57	1
860	120	1
860	121	1
860	122	1
860	123	1
860	124	1
861	59	1
862	8	1
862	59	1
863	106	1
864	94	1
865	74	1
865	73	1
865	75	1
866	94	1
867	57	1
868	3	1
869	59	1
870	59	1
871	106	1
872	32	1
873	56	1
874	32	1
875	32	1
876	32	1
877	78	1
878	80	1
878	81	1
879	106	1
880	78	1
881	106	1
882	106	1
883	59	1
883	106	1
883	119	1
884	27	1
884	59	1
884	84	1
884	106	1
884	119	1
884	124	1
885	32	1
